370000001000700005408061090000010000050090460086002030000000000694005203800149500
000689100800000029150000008403000050200005000090240801084700910500000060060410000
030500804504200010008009000790806103000005400050000007800000702000704600610300500
000013800807000020004090007030000050002340008070006004109027006080100005003800012
400000020063407100500083060008000940030900008600802030000700504005000000807510200
102030000000800904800609035305080740010070002000200300043702006600001200000000007
206000005300000060000627010007230150004060000002900870600071090080050640003000001
000803007009000300706090850020000080070600000400082579040031200502000060003020005
708000309309180200000700008270600001000200803800010000005006000100307650037000002
010003450000040002680500009070021960360000000000086730000000040023060801800059000
010000300000300051308146009900000000280050704000602900600400000000003107107805090
050046010470010890000008020001003000300000068200079030009800003160007580700100000
730000000200106400000080079000005006007001250615807003502000004080069000000400087
005007000410980037000000081001650002040020900070040006030590008000073000058000074
800040000006009040500780102903000500200038004000050290000005400050004020410200760
900002006700009500040006008004061070037000000060230401000500084803020000025008009
010004000700890051089007030070000360008540290050006000000709800040060510890000000
006001000020009810090400075300017680200050001600000050501002000800000590900075003
020807035009001006700600000360905800000004320900000000095400008001208000400006510
000004000100803907908200005807030200501009008000040500000102000000007100612300870
300500427025300008000200000600001309080600200007400000069002004008065700050000910
307402800504000036000006200103200000000500608006700300000000920005620000830900064
000304500006009070380006400510902064400000700000070000030100000600090341098003050
100060050800230009006900040000002730302005006070040200500023100700004008080070500
000050079090010503580700000002009700900670000006040032028000304047500000000084007
014002000080096210500000083409070060000050030600008700007130500005020000840000320
068053007090740260040000000432670009006000430000900000000500703300000000019062050
900125003008090005005000100500680700400001600060200009004002900010030020209004010
005103020080000900100020500000000200927346810000700006049070302800060000050400100
400001009100040008600082010000020600205300800807009005001060050500097034900003000
000000400104829073300400000690000030003900704500083006920600000001007005000100908
000049027230060000054020003040200060060001085008600000000000106096012050010900800
085200070006870000090000056801060500307001008000008020203649000600300001000000630
000070400300020000407010863000600100006504090052000080204800001000009008801007340
370000600000380100010500008705002000060075000040010975000200064804061000009050030
750060800200000900000480700000090083085000000097530010000000100023100645140806000
510032000300080100200000067000870012900050800078000009060000000851060094000710050
090040030436070100000100090800407359600800000300050000768300410200010900000200000
207005100000240000500000079062800000000700030709410028810376090003000701000000060
800054000570000806000008007030107000000500600180300759004019000950000170060070400
000000008300020900415790600100070060500800003700406009073001200000007000040039506
500200006940000301300407000810000600000031090007069004020108000060000050790300210
000001070008400002916800500120780304000006001600500000004903020030000095001004700
200000000006090070005340192304080760060070004500100000407005806009000001050420000
402000800008400010003620400000067520090000000807095006080002107210080000000900260
000000908060280000045900070000730800009020507207009001090002000008460010036000025
030070069005200700006098000800000090019740603004900000400030900600050820500002040
000103200100040060034002005060005800201009000000400510086020000000500380509078400
009080004008500003700006100005003000830421059400000070070600240140070006080010000
407008003010200090000706502100500009003064000005000036000070020974000805000609300
500060210401000000000801500002000051700002006009605000805400090900000072010938400
030006100700020008500710200360001802800200070001040000008007000040100009057090406
060004000902003064005620700001500090000302400430080200790401300020000900000009007
013900005090501004000070090087040010000607200200009530050006002800700009009005003
007000020630200450002038000000109007910020504005000100000000970870015000009340001
062000000035007092000206300090300700000004001170085006000402100700000520023510000
007061040006000750200500300920700006000000000050630098082150074010000000600080910
000390000005000260042600070200043601004018000300000708500160000069800050000050016
002600800073002001006400007000007005209305040035090006807000530000508004300006000
001000040846009502000470800000007020073050400005200001062508390007000068000001000
002000030610035002008020900700000010800600540160407000403080060056000008000260004
003609040900004060800000050002063400006045900007000080030090024609001000020406700
000130086840009020009000000064010007008200001000067009400800012700000060106043500
070060001060102000001000896000300680087420000050080007012000300035607010000200004
807009500400000020020604300000001090041200006009700100090030080150980640030000900
008160070017000360000074009043800901080000500000402000200087053300009000806000200
100036040200100090900000130089007360600090005000008010803021050000603400002000600
007200601300074095200050000800000700700030012020706000408120009100000003000085040
060001000003002009050030021032005000170940280000000005000594008087060100500000032
104200000000003781300006000800014200450007090007020350003000000200300600700480905
080045006500000000079600305210906400000000023040820500000090000420000059007450100
100060430003904010700000000372010500600047000000005206800001060240830000900000043
000390002020000013019200000760010025000040030045003000200109500800700300501000208
000005060080700000540903708003800070001030002600091003000070680320068400700000020
100000300804901005030002908605800140080500002000090080200610000006200801900000400
600900057000007040072508060080000014200013000005060078719006030000004009000050001
600050001190020008300060700809005000200000650700049020080006072907500100006001000
009001002087030600010720500072506901900003000000000360100007400006000030003210080
070500140005000806104078000030084207200065000008000005300020081001800000700003060
053700040040000072020013500400052090800070006090000100300200000060100000570300918
400003609008015000005006800041902300800000070000600095000209004050000900902004081
000100040806090100490200700000009076000020400534600800000904200000008503957000080
005003900600104070030800040000780000086500300027000108079000000002306704000078030
065009300900000000000805016036000809700308400004910020500000100008093700020070030
003200000605080270000001503800630057004009000007000020009800012180007000500096030
360000008000000200700524609000065000080007002905001063830970045070003090000008000
090002105800000020340605000000027000006050908970300010053068009000070300009000201
008000020029480306000002000090530200002100007804000059903005740100600000200300080
009008700016403205000100000002800500060900470098010000050200093021650007000300000
009100040600700980002600000050006403864200007000500020900305000000000069437002100
004200090050070004020100080940000000008000260010896070301500900000308001507040800
700001000000600040256009781010290500080000000007050609003184000160007000000000135
970030000006090327000807000053009008100050093000610050000000000680001000200580139
000007046319600780070302000060000001020750030004100200980560400000000009005004100
000003075758002900090005000130020750070400800800900000000000400483570092600200000
000007008068002400700080093005008020300500000091006085000060002800070004950040801
005927830079000010200600000020000503050004001900053000600000409702109006000400080
600005020927680050000004006006031900038050002010000300000007090760009200004800010
360208000200000043000001007000150006009000030015400089004000308900730012150600000
081350690070004002000200000300400960700500000009030005807000009003790106500080200
082000900100709004700060003007908026096300700500070000401200830900405000000000070
000090300061000040009320060030410002100000097650070100020050000000260008890700023
006000050058004301090210000320080965900006000000002400000400006860030042009008007
540230000006800405010000230030900000000000357604078000400180090002000004800650001
530070040000034207140000008000005104700340006460000000000053960290001000050080001
700304091004000020380002040100020800800700009040800070960007000050030486000068000
084007091700081020100060000200105070400700000300600204073004050000000002060910080
020003800005720000008000705052070400900802307000001050000004509060310040043005000
005024000003000802020100005090540006500600700810009003009001624001000070004052000
085029000002000050000540306006000780450900003008460000504810000000000600200094570
005300001900010870020068000000035200008000510069020007004973002082000400100000700
000000006000204009483059070000508690904003000208000001500302960030700025090000000
005000100070210006810096007001902035062000400008400000206100000000030020500004308
000691052009000400207030000080100506005026000900005100000047800002500600573000200
920760080000080200400003075800019040500000830002030000200100490700002000048900100
001030000050070809402601070003056000000040200804000063138000000600000030000367082
600039000030000904100002600000826100010000300076300025800000703704010200000678000
008600002000380090590200008950700100000900400160008200000007001709020030010040960
009600704100700500340082000000001046000005001812096000000000270706050000005037400
508090060009000004000528090000072010002000400704010905006040203001680000040005080
000140008108700000002080071300019080080000400004037610610000802000000009090658000
540010032002000000000502607001400059800000000700901300208140070005200004000005280
400005800307100604005007000030900206940008000000500043000000708060050091029701000
501002079007900003200043000002037080803050002000000100765094000000020040300000590
700040008304070200000800900200000100400621583100080000007004005900060004800710030
000190702030000000402300050004629008100005006900000400209508000310402860000000020
400560007010007504020001000800000940007002800003108000504009020090050000070200395
500048030007000060030010020000007005950020006701806090480001700000905140200000080
000703420260000000407050009000024800029000006810670050100000000000090080705081302
000065010400000907602009000003080002026941070000000090007690004080010030004030109
030090800009205006070060050000620010006007004587010060003000600800056100001040002
001000030090108050005400080008004900010060008720800400200001347000600000980230005
005000000800700900070409680001800009950000800000946170002000310700018400049300000
056003140900000000200487005000000000009054023420700060580042031000100806600000000
020080001006004500930001006000008050040500900158040200004003000300070602702400010
047530900500000000006002780000981000069000241051000000005800020200006004004007038
000700546050001900026008000080500000100900302070800009360180000008000030500030894
500000010030400000608017540480000000000058071010009803001026030800001020200030050
007130028508000100000008030006380490090000600400090070003010004801200360000060700
700800251010040000500002007000195000470000900005004608000760840600059000230000006
700000041000030080690701000070009000000005060210860093002094800500000200960002504
700190630009070020250000000001026000680000207000080500400003080000007004830204016
002090308040030010030508000000007104007050000065420907370002080000089700600000200
841000900000400030000089006060000000700056000530078264400000005002047081003502000
506000003000250001080030407050100000802000370000305106120046000000090008008010604
503000700007024003090570008000090100050000470109450000000630092908000010600009004
087900060000001090200640030009802070720060089000000300004006020002007403003400008
001200050052000360003460700010000006260048030007006900140090000900002107000800090
010020609407601080000000001001300704504780000009000005958000000000043000300009567
090600040060001030402300970000200000100800407073040600025080004800004005000510060
050080300006940058004000000007861049000300500048000000003210095809007600000009007
000806020010009008075100400090000740000091000720040690340000900000900302100023800
090085400000020010754006003500007000400203900020050780305000000600032075000001600
000087306310006075700004000001000000007340900009060051102090000890605200000000830
004600290007419000030000080092006540060900008000007000100543000670000430800060001
060840030470000000008007604047003000000081903010000500500370260002560081004000000
000700008028030100910080700007510300300900010090000600040020006079000030200367004
004007005100600800092100030009002083408300600006008500000750000540000198200004000
000000000754081009006004803600005030000010408021800000003907500079020040040008300
860010002003060090000200080607320000100040720400000050019086030006009400000070160
300700005791006800000020090006908041900000000203060080600003000100040320035200060
000057000003000409045600700680040003070000060050803071007004600100070005006590040
090005300004073210100000080001200078000590030730400600058060004600008109000700000
065900000000603500930000260078009000000400005090702018609800700001500020000290080
026047000000001900450009063002006000000702005704000602300200190090004000008900306
090081004007000000010760508035040912000000400400052000200970000040000761700010005
402300507000027000001900802900000000300198005200400160000010000180000200700065403
900000005370000020050746009090020560020068090608000700000600000035200640009800007
000000001850030009600071080100800004030600810900010050207009140500700630004008000
000240603400008709031500000000600000300090060076030140620700891000080000005100006
000030401073020080050018020000004700008150000760000805000049000507800000040300592
000005008702400050005200300600390080500064020024000600000580060308007400007040001
004080300000740900607005802006400100080609073040000200720004090300070600000900001
080010700400060030092040005040003060000000800958076020020680059060000000003005670
000000300001398750290000600700030240006900100004870000000409070080006903907000006
064080100009100806000700000025090060000010750370408009600030000980204075000000001
920000003600790080005010902090405200100020300040000008010050006300000804060043100
040900800590002000000008032050400309900020000001009560700290600064003008030010400
060000008008052030042300060050081040000000009093207150000010005009005004016030080
970010200200006100040700008008005300000040080604078020400080910050000000300064057
809003040020049000030002650013007090040030100000508020700090000001200963002004000
090006200001030040470090800804051000007000090900070103053029080009504070000000900
094085000030910084000000790406500300350600008000700001000000070200006000045370210
508006470006008053000900000061000000000041085004030100000060510007080200205093004
100600000080010009500040701301800095000020300670300080450001078800000900006480000
070005803000680010601000000000070090060040100890032500302001700006820054000003020
049300000000910050005004063001009000082001005006500831070000000004008306010290040
000003200020090037760020100000960070907000300600080094006004000400200750001036008
023004006000301000040006530802043600000078040004000100000020750500400009270800001
005004003300602007700080900803069000009030081200000006150040030000500040008710200
006010007000800060705006040904080300080075004000900070400520006000400100650030402
238070009000426700040000500050600100170085030000000005060837002700009800010000060
026000000900200070500980602030700089040130200002000040004079801005800000307000020
106900005000000030403850090004008000089470010060100407530020000000300140040090050
701000003090720004020600800205400900006300070010070050000240009800009040904000605
047100050009005086000020007054009700090010040000070500070603010002900070410050060
000900003950700006700002100005000094300040000094031002480300260002084000000020540
019476230005008100000000006100702043002004080040010000006007010400020000300500027
007000080890504003060080070108020605030010002600700090000000020019067050020030400
007000040000208007483007200200094010035800002010000090102603000000400520300700060
000206809200001000043000100307002005000080016150070030006004570790050000000307090
160300000000000208420507600204000000700004805000230900090810504002000006041050002
080049530090080100200006000070001000003020400008300601830000009600703040040052006
090007380005200010002003060800004091003010050019008400000005600567900040000400200
060000100000600000870120306008009201002300600400072009900200003001030000023090510
000000050003109004769504030000097001091050040006800500400000000058403017000070400
000003200003610970076000000300000060007006014040079000260894107930060005000000600
170500480000900050056120000201400807800600000000009205000004500910700600040300090
000090600700000030850326009000070000316085020000000853090430207007000000420050001
300000000014006503000380009403210005000000001050030420090000100008500096045691000
000500402000002000425060900070000609002093010630014000000000061256401000000280005
006030004005072301100000600900000103010049020200060000300090400008706002700004508
200607000040000520805200090000030005083000004100408960000000000700300040634709150
000005030300001609074300500800050060030400000007010903000000148420106700050074000
000200050095607023080009400000000500000002970369105000072040300503800000000700065
300907050000080000420000807000890004680004310040700000070003000006000102054079630
100804003936000400000006007065070049000301000700009050200067000058000090003080605
009004076000001080074020000008400007040190060610050020500800100000000053201036008
001502009060008710090003000000300005809704020070000400000007600086215000107000208
076002830000040070890006000901030007000000000007691085000500760403000050005083100
300700500008090010100200036000036071906100000030004008690400003070060105000800700
000045900070000520120600000601009038000700000507008400010052300003070065002080009
047008060120670040000020001000000070800004300710830005650040009002000600001906007
069000300000810020200003007003087061040006005006200080790300800000905070410000030
008206051509407080100000000050009273270540000600000000007900540000070008016050000
004100085702540003500000000001060000000014208209000600000700310030420007947300000
000002037000500100735400020080600019501920800090000000000060000079005680004039070
000040030300750020420000107004090080900071500060030400590000600000900005108605003
001800026006510000009000008908040001100790830070000005500208900083900107000001000
060010750000205000705300200009008030307001408000500900000800002400100890201050600
070000064095062000100800590040000300010006900080120070900700001030601809060040000
700002000000504702092000038000620009103005004060008001057410000001000507400700006
007008009020056400005070030001702800502001000900000102094580006000000010006040705
009003000400009760026007030000000052960300001070061000058100009200548000001000087
010000540002460000004030008080602419096043000000000000000900260061704000908000054
700540000890000130600800070000200903049107600081000000060000200008765004450000006
001048702400670058700000000000850060012000045050100009100020907005009001008003000
300600009005003002400100070059006000020007060000801720900502017501008003006009000
004000000300240900006005204040023060000010020501004700000600000905302840070001095
600800000030000210005027600002040090700000406403702500140008003000401002200000150
008060070000200086630170009006090031007430090100000000004600810850040000000800340
900000070400006000002094301000360700007001000038900042800003050004580026005020080
020039560000001700016700040401600300003012470000000100000090000740300800600004250
000008400803005100109030508000020600064000090002940010000280001500000046420060300
601009300000801460009050000700000540005097000040036007010208050000010028230000100
080103004090607020010000300940028070830009000000000950050000007208406035000005200
009400500000052700205000009100000007080060090030107050008030600070080004051604870
007960105106000003000100700000407050310006000405000810200030090500009680008620000
000062700098003401002010000041036275320000060000080000037000900000000300004371080
030090057100050000504070006009000100071029030400001020002040000300800704008900560
000009006506001040007040003405008390000702008200004005000000070160590080020010509
700009002008020090005710080060290801080400060050000200500800100206050000030900607
073000001006020580000067000025906108040003702009000000018650009007030010050000020
400020000260000040010409038000005060350004009080010720030940007602007090000100080
040300005095020100000005003200030071007042500089500600003400700000001300620700008
170040560809070001000900000006050000001002090300004107900006750000080002402710800
105000260009008000007509300910003020408170050000000001000900000802705036070080004
045370190000500380019000000600400019020005000500090078002804050090050000100000037
090068020830002005000000007004080206900030080078601500080300000400007008200010904
008140003200807400040000500009500010005432000007000045780006030001700604002900000
060900000000003890031600050020030009004070320016500400000000005040050600053460082
500000000600300850008016370000705000780430600005000081007800430064900000020040007
090600000403500009800200650900170502700028000004000080306000000100340006007005390
040850002790200300000040109000002000067304800400007503000036005900000230071020000
000410000600000058024700090090170030800300700050000940300600019000901500170080300
000100830009003000138400007000000350657032109080005000060200001010600003400090600
002000070008700500004150306070095203000006050015200060000020600001040000067300120
000083000726005938300000100400600200090020070030800405000100004000000061143206000
209050300700030000000064907301470008000800500500020090000317009043000200008040060
020000006045009000010063475704008001000304090008000004006400500050610009071000003
700008000060710005085000037016800003000030001049007500174002000000500340000409002
200030090030006002590001080000000000800070360045603007700050810609710005001000009
760300000005920000003000728070600210001000000200503407038045001000030000409000503
900002500080040090005090800000008100006400002041750603000304715403000000500806000
062140080050800000030000104040980006001050048600000000900006010408519700010000009
005310008900005002061000070000200400010030000206048095040000300600020840073850000
002500007030070504080004020258030000000002001000050208043010600600005800001027300
900060000100007054070004902097000010020470809000809000003100005410700036009600000
300000050200190000001070402000700003768250090002008005000610040607004520800009000
047006000000080002060040357896301005000000900004600700070000039009023001680009000
008040039260907000100005007007010040600204800400060010070021008000000000082090570
069217040005400903000000000000302090004000025730006010857000000006070002000190780
120070000000204067430000500200100000043000090500062084000900003804700052019005000
000040070365000400010035008520000007030079040070050092003400000200000903700680004
016000002000030700003250061605003000000018950080700400000580004760000018400670000
048050600000100840030090020090000057001049080004205000000010009380507160007000008
020400063080020500007039002850200900000003270060040000008000057910070620000058000
002000000006500802405870003704003600068400090000008050000097008009045030107000900
000060000190208607800300050000000009020080100408971300600030400000040703730100060
004780306000000000023100907000000658007320000046800200080000000072060004005018790
000309000040100025302005600200000080001004003700230060065000400020857130007002000
021050004000000005503204810702000069000005000900028140050000020070060400400510007
060000507500649002003000000000107008090200304680004070005406980100000065006070000
090002000470800000000310794900003608005000000080260940530000000802040300000507021
300010000000865000957000861008070090000028070720000340500700010002039004004000009
070010050251000060000054103060805930807600040000000080083007002000008305400002000
006570001703010800000009003005300000001000304608490070810930007060057002000000008
000003000900028003360040082800510000004007306120300007637801040000000008000070030
000006003098000600065031800009000007630129050001000900000003005702500040800604009
000900200809010300061007080090000700010320060003070002970043600204000003000050908
030005070000000000905081240020019003300000019004030700450008000000097005706500190
007005020010090040003010900900008006605104009002009800100407003000000007730050062
009008730002300650070005000003800007016073000080100403900700800000000004530280090
000000000701036005850002790000790060010600000560003804900350040006820007020000008
001000069000609050603400000000010270720060000038502600056090708000700000300100046
090601020000009050120005007849006000007932004000000605060200010002003000080050036
174000002000008001000910057008000010600180500050026904000001300000700005917600008
500080619400000000708390000030907000900020730100000004080400100040500300609203005
710005600906000530000037090000400000050010074104020300000874000400000089081200040
800070090000001270407930060052000400070005030600028050500000600030040008004510009
070000006020306009001079080007098200000002000630000790098007001000021000406003820
005000300200060700700493002009050870050300009840001000980007200100200500000036008
070005100080000403009401000002600050306050200800940030028010005600097004000500700
500960000680000010000205630204080009060000002000402803006000400010306520007020090
304000200000032000700406983000020009000360500469005001001000600030701050005008007
104025009000004008020900700000071600047000205006090800000080006031009007800640100
603540000970020014000900800300000406200095100008060200509302700004100008000000002
906030000005901084000050290002000035080003400009810700703000008800097002000300040
000000000031904207900200010510060030000170049006008050023800006000007300708010020